Epoch	AverageEpRet	StdEpRet	MaxEpRet	MinEpRet	AverageTestEpRet	StdTestEpRet	MaxTestEpRet	MinTestEpRet	AverageEpCost	StdEpCost	MaxEpCost	MinEpCost	AverageTestEpCost	StdTestEpCost	MaxTestEpCost	MinTestEpCost	EpLen	TestEpLen	EpGoals	TestEpGoals	CumulativeCost	CostRate	TotalEnvInteracts	AverageQR1Vals	StdQR1Vals	MaxQR1Vals	MinQR1Vals	AverageQR2Vals	StdQR2Vals	MaxQR2Vals	MinQR2Vals	AverageQCVals	StdQCVals	MaxQCVals	MinQCVals	AverageLogPi	StdLogPi	MaxLogPi	MinLogPi	LossPi	LossQR1	LossQR2	LossQC	LossAlpha	LogAlpha	Alpha	LossBeta	LogBeta	Beta	PiEntropy	TestTime	EpochTime	TotalTime
1	1.2512475	1.4980261	9.323863	0.014246365	0.0	0.0	0.0	0.0	23.060402	102.455185	949.0	0.0	9.4	28.199999	94.0	0.0	200.24161	1000.0	0.0	0.0	3453.0	0.05755	30001.0	-86.3929	84.63583	9.182227	-533.9112	-86.392685	84.62388	9.298704	-530.5487	1.7402567	7.23963	43.814056	-4.1208577	2.9350142	3.9480114	60.454403	-11.463573	1111.3385	20.571888	20.7843	0.09065021	-0.93501467	0.0	1.0	-786.43964	5.6949477	509.16574	-2.9350145	12.792952	277.3858	278.1598093509674
2	1.9797169	1.2107518	5.44522	0.09420066	0.0	0.0	0.0	0.0	10.728813	28.209766	122.0	0.0	0.0	0.0	0.0	0.0	504.9661	1000.0	0.0	0.0	4069.0	0.04521111111111111	60001.0	-287.11646	120.5957	-29.023645	-1045.6409	-287.1163	120.55186	-35.020588	-1075.2975	-0.48381823	5.2650137	39.28302	-4.8098426	2.9799497	4.1509686	43.41854	-11.163273	87.935776	81.95095	82.308914	0.054699205	-0.9799499	0.0	1.0	498.54486	6.407358	701.2246	-2.9799497	11.840719	240.41792	518.6230862140656
3	0.7693227	0.752347	3.6892257	0.0070065497	0.0	0.0	0.0	0.0	0.13063063	1.9419641	29.0	0.0	0.0	0.0	0.0	0.0	136.21622	1000.0	0.0	0.0	4098.0	0.03415	90001.0	-68.570335	100.844765	54.409306	-916.9139	-68.57245	100.8456	48.598236	-896.5847	0.4125937	5.1607947	43.3301	-4.67651	-0.48193663	1.6813803	27.48577	-11.0343685	110.102	9.75349	9.571646	0.046166617	2.4819365	0.0	1.0	0.9552583	2.591048	73.9848	0.4819365	11.588572	307.99265	826.5832533836365
4	2.6266074	1.0435692	4.3218365	0.019719481	0.0	0.0	0.0	0.0	0.0	0.0	0.0	0.0	0.0	0.0	0.0	0.0	852.88574	1000.0	0.0	0.0	4098.0	0.02732	120001.0	36.664658	34.492527	79.64865	-360.91626	36.665295	34.484486	78.895584	-363.47913	0.49806547	4.345612	41.370056	-0.7678138	-0.8044596	1.602851	25.025824	-10.939896	28.85	6.0195823	6.1586103	0.03177253	2.8044593	0.0	1.0	0.14309947	4.8537283	129.02362	0.8044596	12.15901	228.9762	1055.5828018188477
5	2.1995287	0.67341954	3.0758116	0.05235043	0.0	0.0	0.0	0.0	3.3939395	19.19902	112.0	0.0	0.0	0.0	0.0	0.0	907.6667	1000.0	0.0	0.0	4210.0	0.02338888888888889	150001.0	68.30159	28.006647	108.91424	-334.01086	68.300896	28.00094	108.44887	-337.20483	0.45835885	3.5196946	38.78534	-0.64903665	-1.0917912	1.0044053	18.225367	-8.501741	-55.11972	5.125945	5.1042852	0.026146227	3.091791	0.0	1.0	1.9656593	2.3380578	26.2706	1.0917909	11.751277	228.27493	1283.8327689170837
6	2.3672092	0.25736976	2.890737	1.9884485	0.0	0.0	0.0	0.0	0.0	0.0	0.0	0.0	0.0	0.0	0.0	0.0	1000.0	1000.0	0.0	0.0	4210.0	0.020047619047619047	180001.0	93.26595	19.222559	119.02661	-143.07893	93.265976	19.234545	118.16698	-137.13513	0.4981883	3.6512187	42.682095	-0.7039277	-1.174036	0.69725776	8.010701	-10.541889	-88.92937	4.690659	4.6743813	0.027639445	3.1740365	0.0	1.0	-0.0044302978	-0.94412774	2.8723462	1.1740361	11.723876	227.78426	1511.6390318870544
7	2.4775248	0.28725013	3.168573	1.9833603	0.0	0.0	0.0	0.0	0.0	0.0	0.0	0.0	0.0	0.0	0.0	0.0	1000.0	1000.0	0.0	0.0	4210.0	0.017541666666666667	210001.0	104.59843	16.570099	124.82597	-77.55283	104.59834	16.57557	124.52653	-82.032974	0.47059613	3.6155584	46.36671	-0.62749356	-1.2135127	0.62359273	8.450297	-8.367116	-101.5418	4.7679024	4.77153	0.029043319	3.2135127	0.0	1.0	0.017645778	-6.171702	0.83445865	1.2135128	12.284893	226.54657	1738.1809108257294
8	2.57974	0.5270177	3.1072445	0.0010478444	0.0	0.0	0.0	0.0	11.064516	40.38519	177.0	0.0	0.0	0.0	0.0	0.0	967.80646	1000.0	0.0	0.0	4553.0	0.01686296296296296	240001.0	110.47911	15.972414	130.75444	-65.52772	110.47908	15.975824	130.52208	-53.109882	0.4500395	3.371818	44.565956	-0.55687815	-1.2294667	0.57881635	10.520981	-8.83802	-108.433235	4.6476655	4.658617	0.026090303	3.2294667	0.0	1.0	3.6031869e-09	-20.652096	1.3696896e-07	1.2294668	10.520114	226.51509	1964.6799576282501
9	2.6595647	0.29566285	3.3297236	2.1471465	0.0	0.0	0.0	0.0	8.133333	29.194445	153.0	0.0	0.0	0.0	0.0	0.0	1000.0	1000.0	0.0	0.0	4797.0	0.01599	270001.0	114.81568	14.983965	131.87642	-69.708046	114.81559	14.991172	130.38858	-68.705986	0.4519891	3.3291197	46.614132	-0.619558	-1.235361	0.57166725	8.772779	-8.111819	-112.90431	4.5230117	4.488006	0.024998937	3.2353606	0.0	1.0	3.0757309e-13	-25.594172	8.407746e-12	1.2353606	11.4877	226.50597	2191.1906917095184
10	2.4903977	0.67954636	3.3228335	0.016426004	0.0	0.0	0.0	0.0	6.78125	20.388008	94.0	0.0	0.0	0.0	0.0	0.0	938.3125	1000.0	0.0	0.0	5014.0	0.015193939393939393	300001.0	117.96249	14.003672	133.5286	-66.637436	117.962395	14.005577	133.81409	-73.63203	0.4462828	3.1485481	46.23108	-0.8664387	-1.2476705	0.5428408	8.594091	-9.9941025	-116.41136	4.3735533	4.3382635	0.025413448	3.247671	0.0	1.0	1.2997674e-13	-26.781525	2.3660776e-12	1.247671	12.814589	229.5524	2420.7416360378265
11	2.8510015	0.37627342	3.7042856	2.2183766	0.0	0.0	0.0	0.0	6.266667	30.909475	172.0	0.0	4.8	14.400001	48.0	0.0	1000.0	1000.0	0.0	0.0	5202.0	0.01445	330001.0	120.05484	13.106123	132.00519	-46.518032	120.05459	13.106851	132.67072	-43.775517	0.39987424	2.8625488	48.399395	-1.1023469	-1.2619102	0.51243436	7.4387145	-7.764511	-119.17758	4.0999713	4.0714383	0.024608456	3.2619102	0.0	1.0	1.300028e-13	-27.369093	1.3241618e-12	1.2619102	12.342357	227.39555	2648.152174472809
12	2.8741815	0.31833506	3.6722074	2.3917646	0.0	0.0	0.0	0.0	17.766666	62.063244	290.0	0.0	0.0	0.0	0.0	0.0	1000.0	1000.0	0.0	0.0	5735.0	0.014705128205128206	360001.0	120.63383	12.238589	131.46407	-46.375565	120.63359	12.23898	131.86145	-43.382046	0.38827282	2.9168992	46.18622	-1.094965	-1.2702327	0.49146837	7.9544163	-7.690433	-119.675026	3.9441848	3.9182394	0.025242424	3.2702332	0.0	1.0	8.7003626e-14	-27.910748	7.6212723e-13	1.2702328	13.083359	227.9364	2876.0846757888794
13	2.5602012	0.6720758	3.214216	0.061625008	0.0	0.0	0.0	0.0	3.09375	15.849605	91.0	0.0	0.0	0.0	0.0	0.0	939.65625	1000.0	0.0	0.0	5834.0	0.013890476190476191	390001.0	120.666695	11.738348	131.38286	-60.6419	120.66672	11.729698	131.29643	-40.92617	0.3918114	3.0421944	48.099255	-0.7912649	-1.2747748	0.48396116	6.616036	-9.617895	-119.47387	3.80645	3.7873414	0.028266663	3.274775	0.0	1.0	5.951216e-14	-28.225863	5.535464e-13	1.274775	11.770347	227.02696	3103.1088132858276
14	2.7146454	0.4377192	3.5931222	0.7674995	0.0	0.0	0.0	0.0	11.266666	44.89167	239.0	0.0	83.7	251.09999	837.0	0.0	977.93335	1000.0	0.0	0.0	6172.0	0.013715555555555555	420001.0	120.79413	12.154694	132.64587	-38.99751	120.79383	12.1517	130.79324	-37.807854	0.3560519	2.8605924	49.24943	-1.0617812	-1.2841411	0.46549156	13.298842	-7.0458775	-119.9677	3.4846327	3.4691367	0.028729284	3.284141	0.0	1.0	5.951263e-14	-28.51058	4.1626536e-13	1.2841413	12.266715	228.4787	3331.5978496074677
15	2.736772	0.46050987	3.2970333	0.5608071	0.0	0.0	0.0	0.0	8.5161295	30.88885	155.0	0.0	0.0	0.0	0.0	0.0	976.29034	1000.0	0.0	0.0	6436.0	0.013408333333333333	450001.0	121.24705	12.072372	130.99356	-43.781216	121.247055	12.073142	130.70496	-52.00552	0.34586608	2.7157621	45.768547	-0.7322416	-1.2849851	0.4642919	9.728457	-8.525066	-120.734566	3.2045765	3.1904712	0.03084436	3.2849844	0.0	1.0	4.9155548e-14	-28.774637	3.1936124e-13	1.2849845	12.035586	228.30148	3559.8992941379547
16	2.7817492	0.7873177	3.8451831	0.014254979	0.0	0.0	0.0	0.0	3.625	20.183146	116.0	0.0	0.0	0.0	0.0	0.0	943.4375	1000.0	0.0	0.0	6552.0	0.012847058823529411	480001.0	122.40354	11.035611	132.0003	-44.839138	122.40341	11.035369	131.74179	-45.82026	0.30964765	2.3234975	45.57529	-0.7577475	-1.2969061	0.43795288	6.4550624	-9.057558	-122.5493	3.0984192	3.0991442	0.031944335	3.2969058	0.0	1.0	4.808642e-14	-29.010418	2.5229975e-13	1.296906	12.184776	227.86562	3787.777465581894
17	2.906142	0.31410208	3.8419898	2.3645058	0.0	0.0	0.0	0.0	8.233334	34.540493	184.0	0.0	94.8	284.40002	948.0	0.0	1000.0	1000.0	0.0	0.0	6799.0	0.012590740740740741	510001.0	123.0322	10.295247	132.38963	-26.434313	123.03206	10.287	133.7462	-29.20425	0.33057097	2.5597517	47.375854	-0.77721214	-1.3021758	0.42219564	8.477333	-8.518923	-122.8074	3.0623267	3.0809252	0.03178032	3.302176	0.0	1.0	3.50909e-14	-29.204264	2.0760741e-13	1.3021761	12.0315895	227.77591	4015.549332141876
18	2.9143758	0.3621368	3.6876078	2.186807	0.0	0.0	0.0	0.0	1.9666667	10.590824	59.0	0.0	0.0	0.0	0.0	0.0	1000.0	1000.0	0.0	0.0	6858.0	0.012031578947368421	540001.0	123.13284	10.860696	132.62238	-34.551525	123.132805	10.854697	132.48018	-30.453403	0.30254912	2.530892	50.633205	-0.88302636	-1.303817	0.4135371	7.233857	-9.451625	-122.983986	2.574068	2.5910318	0.031902455	3.3038166	0.0	1.0	3.459847e-14	-29.371655	1.756009e-13	1.3038168	11.409563	226.72382	4242.252242565155
19	2.739401	0.65698767	3.4369762	0.29578862	0.0	0.0	0.0	0.0	7.875	43.846146	252.0	0.0	83.4	250.2	834.0	0.0	948.71875	1000.0	0.0	0.0	7110.0	0.01185	570001.0	123.71352	10.537126	132.69978	-26.34986	123.71337	10.535165	133.6049	-35.257866	0.28530502	2.4222758	50.34966	-1.1902218	-1.3063729	0.40565798	5.7031364	-7.634474	-123.721634	2.4011495	2.412229	0.030027527	3.306373	0.0	1.0	3.2062592e-14	-29.532812	1.4944708e-13	1.306373	12.087976	227.70865	4469.960606575012
20	2.8553646	0.5150665	3.4334855	0.51604724	0.0	0.0	0.0	0.0	9.1	23.685932	101.0	0.0	0.0	0.0	0.0	0.0	974.93335	1000.0	0.0	0.0	7383.0	0.011719047619047619	600001.0	123.941864	10.390872	134.0283	-27.926445	123.941795	10.39019	134.31105	-27.504631	0.28642976	2.3634708	53.88718	-0.925658	-1.3116605	0.39180326	6.628318	-8.484697	-124.06482	2.2740593	2.2814708	0.032908957	3.311661	0.0	1.0	2.7641841e-14	-29.678238	1.2918925e-13	1.3116605	12.396454	227.34143	4697.297660112381
21	2.8369348	0.5984144	4.085131	0.0008422572	0.0	0.0	0.0	0.0	0.0	0.0	0.0	0.0	0.0	0.0	0.0	0.0	967.80646	1000.0	0.0	0.0	7383.0	0.011186363636363637	630001.0	123.117455	11.639716	133.77837	-28.145018	123.11735	11.636673	133.74884	-32.65906	0.2890765	2.301405	48.995502	-0.9426025	-1.3065951	0.39998016	6.3380594	-7.4471045	-123.32828	2.113813	2.1177506	0.03047745	3.3065948	0.0	1.0	2.4115248e-14	-29.800785	1.1426869e-13	1.3065948	11.605873	228.5225	4925.816655397415
22	2.7797601	0.55309993	3.727343	0.31519186	0.0	0.0	0.0	0.0	0.0	0.0	0.0	0.0	0.0	0.0	0.0	0.0	970.9355	1000.0	0.0	0.0	7383.0	0.0107	660001.0	122.78344	11.798186	133.64139	-46.870995	122.78333	11.795738	134.11035	-38.987934	0.3291672	2.9909956	73.56638	-1.1120565	-1.3092891	0.39018986	5.9377966	-10.963302	-121.79415	1.9767404	1.9895685	0.0333076	3.3092892	0.0	1.0	1.7674349e-14	-29.899357	1.0351529e-13	1.3092893	12.939627	229.71577	5155.560214996338
23	2.829297	0.73926485	3.7072484	0.099668205	0.0	0.0	0.0	0.0	3.46875	19.313183	111.0	0.0	0.0	0.0	0.0	0.0	941.9375	1000.0	0.0	0.0	7494.0	0.010408333333333334	690001.0	123.66909	10.923937	132.1373	-26.773165	123.66918	10.918549	131.94516	-36.48412	0.3213868	3.121971	78.09196	-0.9408697	-1.3144515	0.3820713	6.602601	-7.469679	-122.43589	1.8473405	1.8525773	0.037959825	3.3144515	0.0	1.0	1.7004066e-14	-29.98378	9.513329e-14	1.3144515	12.410505	229.34843	5384.915731668472
24	3.0796545	0.30459	3.6907747	2.4100544	0.0	0.0	0.0	0.0	5.366667	20.830238	110.0	0.0	0.0	0.0	0.0	0.0	1000.0	1000.0	0.0	0.0	7655.0	0.010206666666666666	720001.0	123.97827	10.782198	131.59183	-25.484678	123.97817	10.780818	131.14099	-28.070082	0.3308498	3.1952999	86.62603	-1.4372722	-1.3153571	0.3855198	11.779885	-8.827301	-122.601326	1.963897	1.9680622	0.03928653	3.315357	0.0	1.0	1.4915752e-14	-30.061174	8.804146e-14	1.3153571	12.375992	227.86087	5612.755823135376
25	2.8522577	0.9375592	4.281247	0.06321922	0.0	0.0	0.0	0.0	0.0	0.0	0.0	0.0	0.0	0.0	0.0	0.0	898.24243	1000.0	0.0	0.0	7655.0	0.009814102564102565	750001.0	124.21972	10.916267	132.82042	-42.72443	124.219635	10.912374	132.75209	-40.53482	0.30864972	2.7278638	83.876465	-1.7234038	-1.3194883	0.375061	10.3953905	-7.074813	-123.7097	1.6941739	1.6982548	0.0362789	3.3194878	0.0	1.0	1.5680321e-14	-30.133358	8.191406e-14	1.3194876	12.446995	229.30498	5842.062615871429
26	2.9101605	0.907934	3.953548	0.052894767	0.0	0.0	0.0	0.0	3.4545455	15.755886	91.0	0.0	164.6	329.42136	850.0	0.0	916.24243	1000.0	0.0	0.0	7804.0	0.009634567901234568	780001.0	124.37835	10.054268	133.20255	-42.397522	124.37833	10.047823	132.63863	-32.05128	0.34015998	1.945199	64.54194	-1.4545476	-1.3201206	0.36049595	6.318578	-7.8625813	-124.99947	1.8189151	1.8183504	0.030508941	3.3201203	0.0	1.0	1.2248831e-14	-30.201742	7.6491344e-14	1.3201203	12.469563	228.85353	6070.917610645294
27	2.8570094	0.7719283	3.8880117	0.08285158	0.0	0.0	0.0	0.0	8.939394	26.876755	112.0	0.0	0.0	0.0	0.0	0.0	920.6667	1000.0	0.0	0.0	8064.0	0.0096	810001.0	124.4311	10.654304	132.28978	-38.090565	124.431076	10.653459	131.78479	-33.073036	0.34639856	1.8591695	42.520573	-1.1735268	-1.3212318	0.35843444	5.789486	-8.317405	-125.12158	1.7101135	1.7153791	0.02391789	3.3212318	0.0	1.0	1.1134819e-14	-30.25427	7.257552e-14	1.3212317	12.790774	230.58038	6301.494266748428
28	3.1632164	0.365458	4.359888	2.6303318	0.0	0.0	0.0	0.0	4.6666665	20.017214	109.0	0.0	0.0	0.0	0.0	0.0	1000.0	1000.0	0.0	0.0	8204.0	0.009429885057471265	840001.0	124.167076	10.644146	133.32156	-32.247894	124.16718	10.64018	132.65459	-23.441044	0.3067716	1.8890668	48.539886	-0.993798	-1.3230376	0.35335034	5.6698923	-8.11974	-124.873764	1.7087823	1.7177787	0.024152089	3.3230374	0.0	1.0	1.3224299e-14	-30.311728	6.852549e-14	1.3230377	12.158789	227.05682	6528.569160223007
29	2.9758534	0.96369904	4.817894	0.052722596	0.0	0.0	0.0	0.0	0.0	0.0	0.0	0.0	0.0	0.0	0.0	0.0	917.3939	1000.0	0.0	0.0	8204.0	0.009115555555555556	870001.0	123.541084	10.363676	133.58458	-47.758564	123.54109	10.361798	132.65349	-20.888262	0.28984192	1.9665898	51.711945	-0.89076686	-1.3228837	0.35623413	7.325095	-7.890452	-124.172226	1.4331932	1.4201424	0.02375851	3.3228836	0.0	1.0	1.3498819e-14	-30.376308	6.424081e-14	1.3228837	12.147292	228.69473	6757.264636993408
30	2.8957357	0.83749	4.1425266	0.22998972	0.0	0.0	0.0	0.0	1.03125	4.41223	24.0	0.0	0.0	0.0	0.0	0.0	914.90625	1000.0	0.0	0.0	8237.0	0.008856989247311828	900001.0	123.67625	10.457818	132.81084	-17.188784	123.67635	10.45462	133.9251	-16.617777	0.26975128	1.71932	48.57982	-0.9234433	-1.3208456	0.36084867	7.904279	-7.9752526	-124.60028	1.483384	1.4806117	0.024073234	3.3208454	0.0	1.0	1.38668585e-14	-30.44098	6.0217964e-14	1.3208454	11.86935	228.83774	6986.066775083542
31	2.7122006	0.8094459	4.1609435	0.2547618	0.0	0.0	0.0	0.0	0.8181818	4.6283355	27.0	0.0	0.0	0.0	0.0	0.0	918.8788	1000.0	0.0	0.0	8264.0	0.008608333333333334	930001.0	123.83966	10.202004	133.82622	-44.47826	123.83963	10.199147	134.98335	-48.013756	0.26998574	1.7082156	42.183155	-1.0278201	-1.3185425	0.36404547	5.8599644	-6.5838695	-124.78899	1.513818	1.5171943	0.023279205	3.3185422	0.0	1.0	1.3024622e-14	-30.50264	5.661567e-14	1.3185425	13.349801	228.94273	7215.02336192131
32	2.6484816	0.7734165	3.7396157	0.040239584	0.0	0.0	0.0	0.0	0.0625	0.34798527	2.0	0.0	0.0	0.0	0.0	0.0	938.75	1000.0	0.0	0.0	8266.0	0.008349494949494949	960001.0	124.11581	9.8850355	133.67375	-34.604893	124.11585	9.883022	135.79655	-33.63259	0.2734715	1.6565182	43.756607	-1.0622116	-1.3191811	0.3689414	9.316167	-6.998091	-125.11408	1.508106	1.516272	0.023436278	3.319181	0.0	1.0	1.2120612e-14	-30.55985	5.3466647e-14	1.319181	12.551658	227.51863	7442.540956497192
33	2.8598156	0.7350509	4.2921586	0.08561804	0.0	0.0	0.0	0.0	4.625	21.286366	120.0	0.0	0.0	0.0	0.0	0.0	943.5	1000.0	0.0	0.0	8414.0	0.008249019607843137	990001.0	124.658714	9.65687	133.27844	-32.338608	124.65879	9.650937	133.95142	-40.34622	0.28041455	1.734246	48.430443	-1.1443845	-1.3195021	0.36172786	9.447552	-9.11972	-125.587135	1.497728	1.5056539	0.023077859	3.3195019	0.0	1.0	1.1134419e-14	-30.613106	5.0692994e-14	1.3195019	12.46921	228.69632	7671.241167545319
34	3.0906167	0.3490999	3.77699	2.3900647	0.0	0.0	0.0	0.0	13.166667	67.81646	378.0	0.0	0.0	0.0	0.0	0.0	1000.0	1000.0	0.0	0.0	8809.0	0.00838952380952381	1020001.0	125.36555	9.1491785	133.6713	-25.175438	125.36541	9.148292	133.2602	-33.449677	0.25312778	1.5273311	44.950264	-1.136722	-1.3251102	0.34764165	7.0169406	-7.6078606	-126.513374	1.4289607	1.429157	0.024159517	3.3251104	0.0	1.0	1.1857112e-14	-30.665354	4.8112715e-14	1.3251102	12.757676	227.07053	7898.32311964035
35	2.8813667	0.74622816	3.707128	0.19664915	0.0	0.0	0.0	0.0	18.875	45.123962	168.0	0.0	0.0	0.0	0.0	0.0	943.53125	1000.0	0.0	0.0	9413.0	0.008715740740740741	1050001.0	126.40905	7.7145896	133.7593	-2.0795717	126.40903	7.7170825	133.35687	-0.70873463	0.24677102	1.1278191	30.459618	-0.99799633	-1.3353007	0.30682808	5.124424	-6.448374	-127.89208	1.0649033	1.06933	0.025094923	3.3353002	0.0	1.0	1.153166e-14	-30.721418	4.548984e-14	1.3353006	12.468988	221.32217	8119.649153709412
36	3.099301	0.65369695	3.9034219	0.077198684	0.0	0.0	0.0	0.0	33.066666	99.230354	504.0	0.0	0.0	0.0	0.0	0.0	967.9	1000.0	0.0	0.0	10405.0	0.009373873873873874	1080001.0	127.314224	6.987857	134.17863	2.929792	127.314285	6.9875965	134.00372	6.059541	0.27158177	1.1473415	29.954926	-1.225826	-1.3378001	0.29562327	4.146612	-6.666192	-128.77222	0.6944958	0.70182574	0.02737553	3.3378	0.0	1.0	9.829303e-15	-30.7765	4.3051676e-14	1.3378001	11.987811	227.87125	8347.488844394684
37	3.1290238	0.31528428	4.053437	2.5254128	0.0	0.0	0.0	0.0	66.77419	131.10442	424.0	0.0	0.0	0.0	0.0	0.0	994.80646	1000.0	0.0	0.0	12475.0	0.010942982456140352	1110001.0	129.3018	4.932988	135.0333	56.980396	129.30179	4.934408	134.81064	59.571274	0.2859691	1.381766	38.222973	-1.4027312	-1.350763	0.24514438	3.317305	-6.9552984	-130.5831	0.26992366	0.26839098	0.032253474	3.350763	0.0	1.0	8.747671e-15	-30.82948	4.0829187e-14	1.3507632	13.115894	229.20999	8576.696306467056
38	2.8669236	0.88166946	3.8533213	0.159491	0.0	0.0	0.0	0.0	10.333333	35.151333	147.0	0.0	0.0	0.0	0.0	0.0	908.0	1000.0	0.0	0.0	12816.0	0.010953846153846154	1140001.0	130.37415	4.408766	137.64824	65.04905	130.37411	4.40911	137.60802	63.005333	0.28954825	1.4572452	36.888905	-1.2250606	-1.354661	0.23054574	6.130102	-6.4981694	-131.60878	0.40067986	0.39620766	0.030711545	3.354661	0.0	1.0	8.192458e-15	-30.87717	3.8927635e-14	1.3546607	12.295258	228.84216	8805.570628166199
39	3.0297508	0.7203291	3.8313737	0.014344592	0.0	0.0	0.0	0.0	3.53125	14.985377	81.0	0.0	0.0	0.0	0.0	0.0	928.6875	1000.0	0.0	0.0	12929.0	0.010774166666666666	1170001.0	130.22383	4.5806627	137.68913	66.52352	130.22382	4.57997	137.01897	66.71863	0.28067473	1.415654	32.742683	-1.1792595	-1.3542919	0.23654386	4.9905744	-7.1825104	-131.48666	0.39744824	0.39477822	0.027218739	3.3542922	0.0	1.0	8.138363e-15	-30.924488	3.7128605e-14	1.3542922	11.858177	228.59576	9034.149272203445
40	3.0449617	0.93474	4.006662	0.036038764	0.0	0.0	0.0	0.0	0.0	0.0	0.0	0.0	4.0	12.0	40.0	0.0	917.3939	1000.0	0.0	0.0	12929.0	0.010511382113821138	1200001.0	130.3427	4.3162494	137.75578	66.7519	130.3427	4.315447	137.13475	66.479805	0.26998818	1.39917	31.672287	-1.0638243	-1.3536587	0.23457515	4.8273144	-7.4137025	-131.63533	0.43924582	0.4349636	0.029111745	3.353659	0.0	1.0	8.1332425e-15	-30.973234	3.5362203e-14	1.3536588	11.12369	228.27129	9262.42888045311
41	3.1842005	0.3900402	4.1286197	2.5448282	0.0	0.0	0.0	0.0	3.6333334	13.575673	70.0	0.0	4.6	13.8	46.0	0.0	993.7	1000.0	0.0	0.0	13038.0	0.010347619047619048	1230001.0	130.2847	4.2248626	138.158	67.06028	130.28465	4.2237716	137.48215	67.98235	0.2869318	1.455247	32.677685	-1.1400168	-1.3515553	0.24460523	4.765873	-6.337388	-131.52615	0.36999804	0.365642	0.027767006	3.351555	0.0	1.0	7.197858e-15	-31.018883	3.3783238e-14	1.3515555	12.133523	226.39798	9488.803769826889
42	3.0709453	0.58666325	4.090939	0.5206042	0.0	0.0	0.0	0.0	0.0	0.0	0.0	0.0	0.0	0.0	0.0	0.0	959.5806	1000.0	0.0	0.0	13038.0	0.010106976744186046	1260001.0	130.38666	4.154026	137.84991	67.3406	130.38669	4.151092	137.2372	67.54673	0.2696327	1.4006962	32.317955	-1.0604084	-1.3509532	0.24692573	5.546582	-6.6211615	-131.67833	0.4781769	0.47353786	0.029067505	3.350953	0.0	1.0	7.446114e-15	-31.063051	3.2324133e-14	1.3509531	11.973007	229.76965	9718.601156234741
43	3.106131	0.69275266	4.296679	0.67502034	0.0	0.0	0.0	0.0	0.4375	2.4358969	14.0	0.0	0.0	0.0	0.0	0.0	940.375	1000.0	0.0	0.0	13052.0	0.009887878787878788	1290001.0	130.58028	3.8238795	138.63	71.259026	130.58025	3.8208125	137.92398	71.74182	0.2623925	1.352389	37.74077	-0.992169	-1.3523201	0.24178344	4.208172	-5.9459558	-131.92041	0.43977147	0.43590912	0.027906312	3.35232	0.0	1.0	7.339285e-15	-31.108902	3.0875374e-14	1.3523202	12.318445	229.92036	9948.504317045212
44	2.9227076	0.78189254	4.00658	0.1164555	0.0	0.0	0.0	0.0	0.0	0.0	0.0	0.0	0.0	0.0	0.0	0.0	942.3125	1000.0	0.0	0.0	13052.0	0.009668148148148148	1320001.0	130.52913	3.614025	137.90082	72.412285	130.5291	3.6122015	137.71732	72.053314	0.28422886	1.5520195	40.488266	-1.0976503	-1.350885	0.24705309	4.9490232	-6.6687546	-131.67667	0.4809778	0.4774717	0.02791678	3.3508852	0.0	1.0	6.3966823e-15	-31.150015	2.9630747e-14	1.3508854	11.874719	227.51155	10176.046258687973
45	3.1823466	0.5893471	4.036836	0.46633747	0.0	0.0	0.0	0.0	0.9354839	5.123856	29.0	0.0	0.0	0.0	0.0	0.0	966.0968	1000.0	0.0	0.0	13081.0	0.009478985507246377	1350001.0	130.47656	4.0129595	138.00241	67.73363	130.47655	4.011688	137.61111	66.23805	0.26478103	1.485154	45.95457	-1.2196784	-1.3507931	0.2480617	4.3957205	-7.38634	-131.6877	0.55464804	0.55051565	0.030168144	3.3507931	0.0	1.0	6.720522e-15	-31.186234	2.8577475e-14	1.3507934	12.390205	227.93584	10403.97853732109
46	3.0202866	0.6976938	4.070286	0.32517514	0.0	0.0	0.0	0.0	0.625	3.4798527	20.0	0.0	0.0	0.0	0.0	0.0	942.09375	1000.0	0.0	0.0	13101.0	0.009291489361702128	1380001.0	130.26474	3.9727132	137.76176	63.11077	130.2648	3.9660108	136.95097	62.22501	0.2496042	1.4504974	51.15869	-0.96100044	-1.3494602	0.25350326	4.77474	-7.3072176	-131.51094	0.54518515	0.54172313	0.02720291	3.3494604	0.0	1.0	6.8653943e-15	-31.22772	2.7416034e-14	1.3494604	11.377407	226.85051	10630.800034284592
47	3.06172	0.5632417	3.9594078	0.59509486	0.0	0.0	0.0	0.0	8.548388	23.847416	109.0	0.0	0.0	0.0	0.0	0.0	971.70966	1000.0	0.0	0.0	13366.0	0.009281944444444445	1410001.0	130.12468	3.969422	137.3106	63.202225	130.12468	3.9684308	136.61505	63.73297	0.25001025	1.3080844	46.76648	-1.0333908	-1.3512857	0.24791168	5.324701	-7.195121	-131.49344	0.5703779	0.5650567	0.024511417	3.3512855	0.0	1.0	6.5753444e-15	-31.269278	2.6299973e-14	1.3512856	12.155603	226.92912	10857.736675739288
48	3.0618055	0.27607742	3.7242258	2.5014505	0.0	0.0	0.0	0.0	0.0	0.0	0.0	0.0	0.0	0.0	0.0	0.0	1000.0	1000.0	0.0	0.0	13366.0	0.009092517006802721	1440001.0	130.08214	4.05577	137.3318	63.95683	130.08215	4.0506434	136.60481	63.37123	0.2547931	1.3241031	39.723793	-0.93806624	-1.3495998	0.25177988	4.5487733	-7.6918087	-131.43303	0.61315614	0.6068564	0.019704055	3.3495994	0.0	1.0	6.2129464e-15	-31.306295	2.5343793e-14	1.3495997	12.77083	227.48933	11085.238370418549
49	3.1010003	0.33373958	3.616968	1.9234773	0.0	0.0	0.0	0.0	2.1333334	8.085928	37.0	0.0	0.0	0.0	0.0	0.0	984.6667	1000.0	0.0	0.0	13430.0	0.008953333333333334	1470001.0	130.2686	3.5701714	137.76237	67.021194	130.26865	3.5679293	137.62254	66.63954	0.24439022	1.3918295	37.60146	-1.0319821	-1.3514684	0.24384692	3.7918873	-6.484752	-131.56853	0.49339986	0.4863524	0.025888665	3.351469	0.0	1.0	6.252349e-15	-31.341398	2.4469642e-14	1.351469	12.532848	228.24608	11313.469632863998
